v=1.5;
L=1.06;
Ld=2.6;

d0=0.5;
theta0=0;

Kp=3;
Kd=3;